822300375 531556975
742443899 115553700
869839532 566280121
900878723 308732999
825387832 434314548
395716465 919491564
335272634 920334448
4893461 404123713
146720518 324439821
606401035 349300497
566164927 454674010
284611567 109689452
69998196 244004917
553324498 955045974
561444799 300763233
431645115 788959508
835641144 255200780
278639032 231528110
782396587 379830806
105029456 426083195
979401678 716771691
49649908 945620734
967659666 802696579
392969820 241202449
32565530 671024174
204684547 697467475
832826285 126755607
378594245 615970872
824575760 452509398
350509827 334575213
252348514 317206438
783848500 217591981
525190153 725819179
236693977 456376963
188376693 611357342
991928949 829734548
36011840 984440785
951043337 314686847
958349517 740518984
538613526 71987649
23568454 962813252
902919975 38539905
940047415 812968089
57140940 80116153
543971139 32247523
271281016 443919040
81647303 365216240
108963478 986305994
738078574 655481055
837883919 355456560
173759088 492302608
910788273 558787843
578698994 342462224
164480200 627124297
877745231 739628462
467214732 568427613
11017953 816476474
927029231 699425853
704882974 269426194
582584542 889895783
714248065 17326581
434003172 280236642
794060988 85822620
594963450 16560723
394693693 49794872
502340083 987812843
140941541 835268368
738509147 206699216
837036024 737142858
71560083 491050185
658844486 361070927
215468393 432632010
958440596 463755749
740684395 60191587
325252580 835530160
156530640 210427437
892594750 503005101
233111661 471858951
170491666 77174669
67004505 947848696
74 666522384
81 533006359
42 906243758
82 497050799
100 786925327
42 62202421
14 453861326
84 293526703
23 772105223
59 389846540
33 496808299
66 648513104
69 44090527
63 172207820
8 107743919
64 653383805
39 528547690
14 178576316
92 362187494
24 725705543
9 650198285
9 939519278
82 341796369
86 614186523
14 550694423
74 221464552
15 324892720
49 984571549
23 432028353
77 179115263
0 0
